0-10100000-0
0-10100000

?.#?#?????.? 1,1,3                      3

x01x1xxxxx0x
8 bits
255 mogelijkheden
maar maar 3 bits mogen aan
dus het is verdeel 111 over 00000000


??##??????????.?# 4,4,2                 15
..#?????.?#?.#?. 2,2,1,2                2

?????.#????#??? 1,1,3,2,1               18
.?#..?#?????#?? 1,2,5                   5
?#??????????????.? 4,1,2,2,1            75
#??##?.#??. 1,2,3                       1
???????#??????#.?? 13,1                 3
?#..#??.?#.? 2,1,1,2                    1
?.###??????#???.?.?? 11,1               4
.?????????#???. 3,7                     6
?????.#??????#.? 1,1,5,2                6
?#???????? 4,4                  		3
?.??.#.????#??#??? 1,1,1,4,1,1          14
??.?????.#?.?#?????. 1,3,1,2,3,3        2
.???#?????.?? 4,1,1,1                   8
??#??.#??.?? 3,2,2                      3
.???.?###. 1,4                  		3
#.???##?#? 1,6                  		2
#.??????#?.??. 1,5,1                    5
.??#???#?#????????? 3,8,2               16
??.?????????.?.??# 1,5,1,1,1,1          17
????????????#? 1,4,4                    16
?????????#??. 2,5                       12
?.?#?.?.??? 2,1,1                       8
?.?.??.??#???##?? 1,1,2,1,3             7
.?#?.#????.. 2,1,2                      4
#??#??##?.#??? 1,2,2,1                  2
??.##?#?#???..? 1,4,4,1                 2
????.##?.? 1,3,1                        4
#???????#??#? 1,2,1,4                   3
??????????? 1,2,1                       56
#???.??##?? 1,2,3                       2
##?#?#?.??. 7,1                 		2
?.?###????????? 4,7                     3
.?#??###???#?????? 12,2                 5
.#.???#????#. 1,6                       1
??.#???.#??#???##?? 1,1,1,1,6,1         4
??#?.?#??? 3,4                  		4
????????#.?. 2,2,2                      3
??.??????.??????#? 1,3,4,2              33
.#??#???.?.???#??? 6,1,1,1,1            4
?????????#??????#? 1,1,1,4,1,1          56
???...?#??????????? 3,12                2
????..?????? 2,1,2                      23
???.??.???? 1,1,2                       27
#..?###????????# 1,6,6                  1
.#?#.???#???##??#??? 1,1,1,1,10         2
?.?#?#.????##.##.??? 3,6,2,1            3
???????#?#????.?..# 4,9,1,1             1
#??#??????????#.???? 1,2,1,7,1,2        3
