[.#.....##.] 

0	1	2	3	4	5	6	7	8	9		MAX
	
	1	1	1								43
1			1					1			46
1	1	1	1			1		1			43
1	1		1		1	1	1				58
					1		1		1		42
1				1	1						28
1			1			1	1		1		42
	1	1		1							28
	1	1	1	1			1	1	1		28
1					1	1					61
1								1	1		42
1					1	1	1				58


104	58	43	67	28	61	64	58	46	42


[Matrix?]

[Matrix] * vector = [104	58	43	67	28	61	64	58	46	42]


(1,2,3) (0,3,8) (0,1,2,3,6,8) (0,1,3,5,6,7) (5,7,9) (0,4,5) (0,3,6,7,9) (1,2,4) (1,2,3,4,7,8,9) (0,5,6) (0,8,9) (0,5,6,7) 


		0	1	2	3
		
a					1	
b			1		1	
c				1
d				1	1	
e		1		1
f		1	1			

		3	5	4	7


